1
10
101
102
103
104
105
106
107
109
11
110
111
118
12
120
122
123
125
127
129
13
131
134
135
137
138
139
14
140
141
142
143
144
145
146
147
148
149
15
150
151
152
153
154
155
156
157
158
159
16
160
161
162
163
164
165
167
168
169
17
170
171
172
173
174
175
176
177
178
179
180
181
182
183
184
185
186
187
188
189
19
190
191
192
193
194
195
196
197
198
199
2
20
201
203
204
205
206
208
209
211
213
214
216
217
219
22
220
222
223
225
226
228
229
23
231
233
234
235
237
238
24
240
242
243
244
246
247
249
250
252
253
254
255
256
257
258
259
260
261
262
263
264
265
266
267
268
269
27
270
271
272
273
274
275
276
277
278
279
280
282
283
285
287
288
29
3
30
31
32
34
35
36
37
38
39
4
41
42
43
44
45
46
47
48
49
5
50
51
52
53
54
55
56
57
58
59
6
60
61
62
63
64
65
66
67
68
69
7
70
71
72
73
74
75
76
77
78
79
8
80
81
82
83
84
85
86
88
89
9
90
91
94
95
96
97
98
99
